Account ID,Managed by
109688981,0010y00001a1R2YAAU
109688525,0010y00001a1R2YAAU
109688183,0010y00001a1R2YAAU
109680757,0010y00001a1R2YAAU
109695983,0010y00001a1R2YAAU
109684508,0010y00001a1R2YAAU
109695942,0010y00001a1R2YAAU
109683909,0010y00001a1R2YAAU
109695941,0010y00001a1R2YAAU
109675395,0010y00001a1R2YAAU
109681578,0010y00001a1R2YAAU
109681465,0010y00001a1R2YAAU
110138149,0010y00001a1R2YAAU
110157029,0010y00001a1R2YAAU
110139627,0010y00001a1R2YAAU
110137855,0010y00001a1R2YAAU
110135862,0010y00001a1R2YAAU
110159572,0010y00001a1R2YAAU
110149215,0010y00001a1R2YAAU
110158453,0010y00001a1R2YAAU
110149184,0010y00001a1R2YAAU
110138694,0010y00001a1R2YAAU
110160289,0010y00001a1R2YAAU
110157857,0010y00001a1R2YAAU
110137327,0010y00001a1R2YAAU
110139718,0010y00001a1R2YAAU
110139653,0010y00001a1R2YAAU
110148583,0010y00001a1R2YAAU
110145345,0010y00001a1R2YAAU
110136817,0010y00001a1R2YAAU
109913026,0010y00001a1R2YAAU
109909498,0010y00001a1R2YAAU
109681195,0010y00001a1R2YAAU
109695575,0010y00001a1R2YAAU
109680761,0010y00001a1R2YAAU
109690546,0010y00001a1R2YAAU
109686680,0010y00001a1R2YAAU
109680423,0010y00001a1R2YAAU
109689819,0010y00001a1R2YAAU
109695944,0010y00001a1R2YAAU
109688978,0010y00001a1R2YAAU
109680921,0010y00001a1R2YAAU
109679633,0010y00001a1R2YAAU
109690547,0010y00001a1R2YAAU
109680529,0010y00001a1R2YAAU
109684415,0010y00001a1R2YAAU
109686789,0010y00001a1R2YAAU
109681401,0010y00001a1R2YAAU
109675281,0010y00001a1R2YAAU
109695748,0010y00001a1R2YAAU
109695746,0010y00001a1R2YAAU
109695635,0010y00001a1R2YAAU
109695579,0010y00001a1R2YAAU
109680857,0010y00001a1R2YAAU
109679872,0010y00001a1R2YAAU
109684737,0010y00001a1R2YAAU
109679733,0010y00001a1R2YAAU
109695980,0010y00001a1R2YAAU
110150587,0010y00001a1R2YAAU
110138839,0010y00001a1R2YAAU
110160325,0010y00001a1R2YAAU
110136736,0010y00001a1R2YAAU
110157473,0010y00001a1R2YAAU
110159680,0010y00001a1R2YAAU
110135869,0010y00001a1R2YAAU
110147184,0010y00001a1R2YAAU
110147155,0010y00001a1R2YAAU
110136318,0010y00001a1R2YAAU
110138510,0010y00001a1R2YAAU
110139579,0010y00001a1R2YAAU
110134754,0010y00001a1R2YAAU
109914129,0010y00001a1R2YAAU
110135976,0010y00001a1R2YAAU
109913159,0010y00001a1R2YAAU
110134417,0010y00001a1R2YAAU
109679998,0010y00001a1R2YAAU
109680445,0010y00001a1R2YAAU
109690054,0010y00001a1R2YAAU
109674581,0010y00001a1R2YAAU
109674576,0010y00001a1R2YAAU
110143649,0010y00001a1R2YAAU
110138055,0010y00001a1R2YAAU
110154540,0010y00001a1R2YAAU
110154466,0010y00001a1R2YAAU
110135970,0010y00001a1R2YAAU
110138749,0010y00001a1R2YAAU
110149324,0010y00001a1R2YAAU
110160556,0010y00001a1R2YAAU
110137427,0010y00001a1R2YAAU
110148961,0010y00001a1R2YAAU
110157477,0010y00001a1R2YAAU
110151495,0010y00001a1R2YAAU
110135803,0010y00001a1R2YAAU
109691216,0010y00001a1R2YAAU
109680764,0010y00001a1R2YAAU
109679697,0010y00001a1R2YAAU
109681400,0010y00001a1R2YAAU
109680344,0010y00001a1R2YAAU
110138602,0010y00001a1R2YAAU
110136126,0010y00001a1R2YAAU
110137077,0010y00001a1R2YAAU
109681194,0010y00001a1R2YAAU
110137617,0010y00001a1R2YAAU
110135887,0010y00001a1R2YAAU
110135968,0010y00001a1R2YAAU
109913533,0010y00001a1R2YAAU
109680223,0010y00001a1R2YAAU
110156375,0010y00001a1R2YAAU
110159288,0010y00001a1R2YAAU
110149935,0010y00001a1R2YAAU
110149385,0010y00001a1R2YAAU
110160527,0010y00001a1R2YAAU
110139831,0010y00001a1R2YAAU
110137361,0010y00001a1R2YAAU
110157474,0010y00001a1R2YAAU
110157354,0010y00001a1R2YAAU
110139110,0010y00001a1R2YAAU
110137144,0010y00001a1R2YAAU
110137654,0010y00001a1R2YAAU
110138917,0010y00001a1R2YAAU
110138357,0010y00001a1R2YAAU
109927303,0010y00001a1R2YAAU
110135804,0010y00001a1R2YAAU
110136777,0010y00001a1R2YAAU
110135969,0010y00001a1R2YAAU
109695638,0010y00001a1R2YAAU
109689220,0010y00001a1R2YAAU
109695636,0010y00001a1R2YAAU
109680101,0010y00001a1R2YAAU
109685670,0010y00001a1R2YAAU
109685667,0010y00001a1R2YAAU
109680959,0010y00001a1R2YAAU
109685146,0010y00001a1R2YAAU
109679932,0010y00001a1R2YAAU
109695986,0010y00001a1R2YAAU
109684414,0010y00001a1R2YAAU
110239990,0010y00001a1R2YAAU
110231657,0010y00001a1R2YAAU
110158586,0010y00001a1R2YAAU
109695947,0010y00001a1R2YAAU
109680474,0010y00001a1R2YAAU
110151241,0010y00001a1R2YAAU
110138768,0010y00001a1R2YAAU
110139205,0010y00001a1R2YAAU
110135874,0010y00001a1R2YAAU
110139645,0010y00001a1R2YAAU
110138923,0010y00001a1R2YAAU
109685674,0010y00001a1R2YAAU
109690823,0010y00001a1R2YAAU
110148089,0010y00001a1R2YAAU
110156143,0010y00001a1R2YAAU
110137622,0010y00001a1R2YAAU
110135960,0010y00001a1R2YAAU
110234558,0010y00001a1R2YAAU
110149387,0010y00001a1R2YAAU
110149386,0010y00001a1R2YAAU
110139180,0010y00001a1R2YAAU
110135895,0010y00001a1R2YAAU
110158832,0010y00001a1R2YAAU
110206410,0010y00001a1R2YAAU
110158585,0010y00001a1R2YAAU
110158356,0010y00001a1R2YAAU
110154538,0010y00001a1R2YAAU
110138521,0010y00001a1R2YAAU
110367600,0010y00001a1R2YAAU
110138729,0010y00001a1R2YAAU
110158355,0010y00001a1R2YAAU
110139104,0010y00001a1R2YAAU
110135931,0010y00001a1R2YAAU
110136049,0010y00001a1R2YAAU
110137524,0010y00001a1R2YAAU
110238979,0010y00001a1R2YAAU
110159355,0010y00001a1R2YAAU
110149108,0010y00001a1R2YAAU
110137529,0010y00001a1R2YAAU
109695639,0010y00001a1R2YAAU
109674205,0010y00001a1R2YAAU
110238978,0010y00001a1R2YAAU
110159385,0010y00001a1R2YAAU
110159383,0010y00001a1R2YAAU
110156376,0010y00001a1R2YAAU
110156145,0010y00001a1R2YAAU
110148054,0010y00001a1R2YAAU
110156015,0010y00001a1R2YAAU
109689221,0010y00001a1R2YAAU
109680099,0010y00001a1R2YAAU
109695577,0010y00001a1R2YAAU
109688822,0010y00001a1R2YAAU
109688652,0010y00001a1R2YAAU
109680858,0010y00001a1R2YAAU
109679710,0010y00001a1R2YAAU
109695982,0010y00001a1R2YAAU
109687494,0010y00001a1R2YAAU
109690550,0010y00001a1R2YAAU
109679630,0010y00001a1R2YAAU
109679629,0010y00001a1R2YAAU
109683908,0010y00001a1R2YAAU
109680476,0010y00001a1R2YAAU
109681676,0010y00001a1R2YAAU
109681580,0010y00001a1R2YAAU
109680345,0010y00001a1R2YAAU
109680342,0010y00001a1R2YAAU
109675278,0010y00001a1R2YAAU
109674874,0010y00001a1R2YAAU
110159161,0010y00001a1R2YAAU
110140448,0010y00001a1R2YAAU
110148241,0010y00001a1R2YAAU
110139487,0010y00001a1R2YAAU
110139486,0010y00001a1R2YAAU
110139981,0010y00001a1R2YAAU
110136466,0010y00001a1R2YAAU
110148691,0010y00001a1R2YAAU
110137243,0010y00001a1R2YAAU
110148556,0010y00001a1R2YAAU
110139070,0010y00001a1R2YAAU
110151023,0010y00001a1R2YAAU
110134386,0010y00001a1R2YAAU
110139613,0010y00001a1R2YAAU
110139012,0010y00001a1R2YAAU
110135867,0010y00001a1R2YAAU
110150947,0010y00001a1R2YAAU
110136319,0010y00001a1R2YAAU
110138512,0010y00001a1R2YAAU
110135951,0010y00001a1R2YAAU
110139585,0010y00001a1R2YAAU
110148480,0010y00001a1R2YAAU
110137429,0010y00001a1R2YAAU
110139316,0010y00001a1R2YAAU
110139931,0010y00001a1R2YAAU
110138004,0010y00001a1R2YAAU
110160350,0010y00001a1R2YAAU
110137402,0010y00001a1R2YAAU
110266778,0010y00001a1R2YAAU
110147737,0010y00001a1R2YAAU
110139269,0010y00001a1R2YAAU
110157675,0010y00001a1R2YAAU
110139214,0010y00001a1R2YAAU
110137961,0010y00001a1R2YAAU
110137342,0010y00001a1R2YAAU
110139190,0010y00001a1R2YAAU
110137291,0010y00001a1R2YAAU
110137877,0010y00001a1R2YAAU
110137232,0010y00001a1R2YAAU
110138549,0010y00001a1R2YAAU
110148585,0010y00001a1R2YAAU
110139638,0010y00001a1R2YAAU
110135868,0010y00001a1R2YAAU
110135843,0010y00001a1R2YAAU
110138907,0010y00001a1R2YAAU
110135806,0010y00001a1R2YAAU
110135978,0010y00001a1R2YAAU
110137525,0010y00001a1R2YAAU
110135979,0010y00001a1R2YAAU
110135903,0010y00001a1R2YAAU
109911633,0010y00001a1R2YAAU
109910315,0010y00001a1R2YAAU
109681193,0010y00001a1R2YAAU
109680002,0010y00001a1R2YAAU
109695388,0010y00001a1R2YAAU
109680878,0010y00001a1R2YAAU
109674251,0010y00001a1R2YAAU
109695366,0010y00001a1R2YAAU
109695365,0010y00001a1R2YAAU
109685217,0010y00001a1R2YAAU
109679874,0010y00001a1R2YAAU
109683687,0010y00001a1R2YAAU
109675724,0010y00001a1R2YAAU
109681675,0010y00001a1R2YAAU
109681574,0010y00001a1R2YAAU
109695945,0010y00001a1R2YAAU
109695892,0010y00001a1R2YAAU
109695747,0010y00001a1R2YAAU
109681006,0010y00001a1R2YAAU
109680100,0010y00001a1R2YAAU
109695514,0010y00001a1R2YAAU
109688527,0010y00001a1R2YAAU
109695981,0010y00001a1R2YAAU
109690549,0010y00001a1R2YAAU
109695946,0010y00001a1R2YAAU
109686785,0010y00001a1R2YAAU
109675393,0010y00001a1R2YAAU
109675391,0010y00001a1R2YAAU
109680347,0010y00001a1R2YAAU
109680343,0010y00001a1R2YAAU
109689806,0010y00001a1R2YAAU
109695634,0010y00001a1R2YAAU
109686129,0010y00001a1R2YAAU
109680958,0010y00001a1R2YAAU
109688382,0010y00001a1R2YAAU
109684922,0010y00001a1R2YAAU
109684921,0010y00001a1R2YAAU
109691214,0010y00001a1R2YAAU
109680752,0010y00001a1R2YAAU
109680712,0010y00001a1R2YAAU
109680710,0010y00001a1R2YAAU
109680667,0010y00001a1R2YAAU
109684552,0010y00001a1R2YAAU
109690821,0010y00001a1R2YAAU
110148424,0010y00001a1R2YAAU
110156343,0010y00001a1R2YAAU
110156313,0010y00001a1R2YAAU
110148323,0010y00001a1R2YAAU
110219256,0010y00001a1R2YAAU
110156281,0010y00001a1R2YAAU
110216076,0010y00001a1R2YAAU
110149628,0010y00001a1R2YAAU
110140189,0010y00001a1R2YAAU
110149426,0010y00001a1R2YAAU
110137466,0010y00001a1R2YAAU
110139383,0010y00001a1R2YAAU
110137986,0010y00001a1R2YAAU
110147687,0010y00001a1R2YAAU
110136735,0010y00001a1R2YAAU
110139783,0010y00001a1R2YAAU
110148937,0010y00001a1R2YAAU
110139191,0010y00001a1R2YAAU
110138665,0010y00001a1R2YAAU
110148799,0010y00001a1R2YAAU
110138658,0010y00001a1R2YAAU
110148781,0010y00001a1R2YAAU
110135945,0010y00001a1R2YAAU
110151980,0010y00001a1R2YAAU
110135944,0010y00001a1R2YAAU
110148690,0010y00001a1R2YAAU
110147273,0010y00001a1R2YAAU
110136452,0010y00001a1R2YAAU
110156865,0010y00001a1R2YAAU
110147208,0010y00001a1R2YAAU
110136450,0010y00001a1R2YAAU
110135948,0010y00001a1R2YAAU
110139005,0010y00001a1R2YAAU
110147122,0010y00001a1R2YAAU
110137145,0010y00001a1R2YAAU
110148539,0010y00001a1R2YAAU
110137708,0010y00001a1R2YAAU
110136295,0010y00001a1R2YAAU
110137143,0010y00001a1R2YAAU
110138479,0010y00001a1R2YAAU
110137109,0010y00001a1R2YAAU
110135830,0010y00001a1R2YAAU
110138397,0010y00001a1R2YAAU
110139551,0010y00001a1R2YAAU
110134337,0010y00001a1R2YAAU
110137585,0010y00001a1R2YAAU
110138847,0010y00001a1R2YAAU
110137078,0010y00001a1R2YAAU
110135926,0010y00001a1R2YAAU
110136867,0010y00001a1R2YAAU
110134197,0010y00001a1R2YAAU
110135975,0010y00001a1R2YAAU
110134079,0010y00001a1R2YAAU
110134638,0010y00001a1R2YAAU
110135898,0010y00001a1R2YAAU
110135908,0010y00001a1R2YAAU
110135957,0010y00001a1R2YAAU
110135878,0010y00001a1R2YAAU
109911506,0010y00001a1R2YAAU
110134416,0010y00001a1R2YAAU
109674254,0010y00001a1R2YAAU
109690059,0010y00001a1R2YAAU
109680383,0010y00001a1R2YAAU
109675287,0010y00001a1R2YAAU
109675284,0010y00001a1R2YAAU
109681395,0010y00001a1R2YAAU
109674872,0010y00001a1R2YAAU
109674871,0010y00001a1R2YAAU
110159544,0010y00001a1R2YAAU
110148279,0010y00001a1R2YAAU
110149933,0010y00001a1R2YAAU
110140252,0010y00001a1R2YAAU
110148088,0010y00001a1R2YAAU
110156118,0010y00001a1R2YAAU
110138179,0010y00001a1R2YAAU
110139365,0010y00001a1R2YAAU
110149109,0010y00001a1R2YAAU
110139913,0010y00001a1R2YAAU
110139912,0010y00001a1R2YAAU
110137403,0010y00001a1R2YAAU
110149037,0010y00001a1R2YAAU
110265166,0010y00001a1R2YAAU
110139782,0010y00001a1R2YAAU
110159681,0010y00001a1R2YAAU
110139138,0010y00001a1R2YAAU
110139136,0010y00001a1R2YAAU
110159678,0010y00001a1R2YAAU
110138651,0010y00001a1R2YAAU
110139137,0010y00001a1R2YAAU
110152110,0010y00001a1R2YAAU
110137914,0010y00001a1R2YAAU
110137264,0010y00001a1R2YAAU
110135950,0010y00001a1R2YAAU
110138939,0010y00001a1R2YAAU
110135934,0010y00001a1R2YAAU
110138459,0010y00001a1R2YAAU
110137124,0010y00001a1R2YAAU
109913924,0010y00001a1R2YAAU
110134558,0010y00001a1R2YAAU
110135954,0010y00001a1R2YAAU
109910212,0010y00001a1R2YAAU
110148363,0010y00001a1R2YAAU
110156280,0010y00001a1R2YAAU
110138831,0010y00001a1R2YAAU
110215477,0010y00001a1R2YAAU
110148197,0010y00001a1R2YAAU
110158706,0010y00001a1R2YAAU
110138806,0010y00001a1R2YAAU
110137489,0010y00001a1R2YAAU
110139354,0010y00001a1R2YAAU
110155600,0010y00001a1R2YAAU
110155459,0010y00001a1R2YAAU
110147840,0010y00001a1R2YAAU
110160526,0010y00001a1R2YAAU
110139911,0010y00001a1R2YAAU
110139256,0010y00001a1R2YAAU
110139230,0010y00001a1R2YAAU
110156640,0010y00001a1R2YAAU
110139069,0010y00001a1R2YAAU
110135864,0010y00001a1R2YAAU
110138317,0010y00001a1R2YAAU
110137565,0010y00001a1R2YAAU
110138848,0010y00001a1R2YAAU
110134245,0010y00001a1R2YAAU
110135780,0010y00001a1R2YAAU
110136793,0010y00001a1R2YAAU
110137507,0010y00001a1R2YAAU
110135967,0010y00001a1R2YAAU
110135885,0010y00001a1R2YAAU
110134499,0010y00001a1R2YAAU
110135955,0010y00001a1R2YAAU
110135972,0010y00001a1R2YAAU
110135882,0010y00001a1R2YAAU
109680760,0010y00001a1R2YAAU
109687676,0010y00001a1R2YAAU
109684592,0010y00001a1R2YAAU
109679698,0010y00001a1R2YAAU
109690856,0010y00001a1R2YAAU
109686795,0010y00001a1R2YAAU
109681464,0010y00001a1R2YAAU
109680307,0010y00001a1R2YAAU
110155599,0010y00001a1R2YAAU
110270906,0010y00001a1R2YAAU
110136668,0010y00001a1R2YAAU
110147595,0010y00001a1R2YAAU
110137290,0010y00001a1R2YAAU
110147379,0010y00001a1R2YAAU
110134358,0010y00001a1R2YAAU
110138908,0010y00001a1R2YAAU
110137090,0010y00001a1R2YAAU
110138865,0010y00001a1R2YAAU
110136123,0010y00001a1R2YAAU
110137564,0010y00001a1R2YAAU
110134277,0010y00001a1R2YAAU
110138316,0010y00001a1R2YAAU
110136070,0010y00001a1R2YAAU
110135929,0010y00001a1R2YAAU
110135933,0010y00001a1R2YAAU
110135894,0010y00001a1R2YAAU
110134004,0010y00001a1R2YAAU
110135883,0010y00001a1R2YAAU
110135880,0010y00001a1R2YAAU
109695439,0010y00001a1R2YAAU
110134336,0010y00001a1R2YAAU
110134555,0010y00001a1R2YAAU
110134418,0010y00001a1R2YAAU
110135900,0010y00001a1R2YAAU
110135899,0010y00001a1R2YAAU
109695743,0010y00001a1R2YAAU
109695580,0010y00001a1R2YAAU
109685892,0010y00001a1R2YAAU
110150715,0010y00001a1R2YAAU
110148240,0010y00001a1R2YAAU
110139455,0010y00001a1R2YAAU
110148146,0010y00001a1R2YAAU
110206725,0010y00001a1R2YAAU
110148142,0010y00001a1R2YAAU
110139448,0010y00001a1R2YAAU
110158584,0010y00001a1R2YAAU
110139396,0010y00001a1R2YAAU
110160643,0010y00001a1R2YAAU
110137449,0010y00001a1R2YAAU
110140060,0010y00001a1R2YAAU
110156013,0010y00001a1R2YAAU
110137430,0010y00001a1R2YAAU
110139949,0010y00001a1R2YAAU
110139314,0010y00001a1R2YAAU
110269780,0010y00001a1R2YAAU
110137413,0010y00001a1R2YAAU
110138728,0010y00001a1R2YAAU
110138723,0010y00001a1R2YAAU
110158183,0010y00001a1R2YAAU
110139270,0010y00001a1R2YAAU
110261933,0010y00001a1R2YAAU
110147689,0010y00001a1R2YAAU
110157676,0010y00001a1R2YAAU
110137985,0010y00001a1R2YAAU
110138681,0010y00001a1R2YAAU
110137960,0010y00001a1R2YAAU
110139771,0010y00001a1R2YAAU
110136687,0010y00001a1R2YAAU
110159573,0010y00001a1R2YAAU
110139109,0010y00001a1R2YAAU
110148728,0010y00001a1R2YAAU
110156639,0010y00001a1R2YAAU
110138533,0010y00001a1R2YAAU
110136407,0010y00001a1R2YAAU
110147157,0010y00001a1R2YAAU
110135940,0010y00001a1R2YAAU
110134373,0010y00001a1R2YAAU
110137682,0010y00001a1R2YAAU
110136278,0010y00001a1R2YAAU
110135939,0010y00001a1R2YAAU
109695744,0010y00001a1R2YAAU
109689226,0010y00001a1R2YAAU
109686343,0010y00001a1R2YAAU
109695613,0010y00001a1R2YAAU
109695608,0010y00001a1R2YAAU
109688985,0010y00001a1R2YAAU
109674575,0010y00001a1R2YAAU
109688532,0010y00001a1R2YAAU
109674569,0010y00001a1R2YAAU
109688381,0010y00001a1R2YAAU
109685145,0010y00001a1R2YAAU
109679873,0010y00001a1R2YAAU
109674109,0010y00001a1R2YAAU
109687854,0010y00001a1R2YAAU
109680749,0010y00001a1R2YAAU
109679701,0010y00001a1R2YAAU
109687677,0010y00001a1R2YAAU
109673844,0010y00001a1R2YAAU
109695984,0010y00001a1R2YAAU
109687022,0010y00001a1R2YAAU
109680537,0010y00001a1R2YAAU
109680472,0010y00001a1R2YAAU
109690058,0010y00001a1R2YAAU
109690055,0010y00001a1R2YAAU
109675394,0010y00001a1R2YAAU
110223277,0010y00001a1R2YAAU
110150530,0010y00001a1R2YAAU
110140113,0010y00001a1R2YAAU
110140099,0010y00001a1R2YAAU
109681197,0010y00001a1R2YAAU
109681196,0010y00001a1R2YAAU
109674344,0010y00001a1R2YAAU
109688526,0010y00001a1R2YAAU
109688184,0010y00001a1R2YAAU
109674204,0010y00001a1R2YAAU
109687861,0010y00001a1R2YAAU
109687856,0010y00001a1R2YAAU
109674022,0010y00001a1R2YAAU
109691212,0010y00001a1R2YAAU
109687671,0010y00001a1R2YAAU
109684593,0010y00001a1R2YAAU
109680668,0010y00001a1R2YAAU
109687023,0010y00001a1R2YAAU
109695985,0010y00001a1R2YAAU
109680477,0010y00001a1R2YAAU
109684390,0010y00001a1R2YAAU
109690553,0010y00001a1R2YAAU
109695943,0010y00001a1R2YAAU
109690318,0010y00001a1R2YAAU
109686787,0010y00001a1R2YAAU
109681987,0010y00001a1R2YAAU
109681875,0010y00001a1R2YAAU
109686547,0010y00001a1R2YAAU
109686546,0010y00001a1R2YAAU
109681467,0010y00001a1R2YAAU
110149977,0010y00001a1R2YAAU
110159162,0010y00001a1R2YAAU
110158532,0010y00001a1R2YAAU
110151853,0010y00001a1R2YAAU
110156867,0010y00001a1R2YAAU
110135865,0010y00001a1R2YAAU
110137212,0010y00001a1R2YAAU
110134387,0010y00001a1R2YAAU
110135947,0010y00001a1R2YAAU
110135941,0010y00001a1R2YAAU
110148557,0010y00001a1R2YAAU
110134374,0010y00001a1R2YAAU
110137805,0010y00001a1R2YAAU
110135863,0010y00001a1R2YAAU
110136296,0010y00001a1R2YAAU
110135965,0010y00001a1R2YAAU
110137683,0010y00001a1R2YAAU
110137127,0010y00001a1R2YAAU
110139355,0010y00001a1R2YAAU
110154891,0010y00001a1R2YAAU
110154539,0010y00001a1R2YAAU
110147831,0010y00001a1R2YAAU
110137414,0010y00001a1R2YAAU
110138733,0010y00001a1R2YAAU
110147833,0010y00001a1R2YAAU
110158175,0010y00001a1R2YAAU
110149045,0010y00001a1R2YAAU
110149046,0010y00001a1R2YAAU
110137379,0010y00001a1R2YAAU
110147712,0010y00001a1R2YAAU
110149036,0010y00001a1R2YAAU
110154467,0010y00001a1R2YAAU
110137378,0010y00001a1R2YAAU
110137360,0010y00001a1R2YAAU
110147649,0010y00001a1R2YAAU
110148862,0010y00001a1R2YAAU
110138664,0010y00001a1R2YAAU
110137943,0010y00001a1R2YAAU
110157032,0010y00001a1R2YAAU
110135961,0010y00001a1R2YAAU
110138649,0010y00001a1R2YAAU
110138548,0010y00001a1R2YAAU
110139079,0010y00001a1R2YAAU
110148584,0010y00001a1R2YAAU
110134370,0010y00001a1R2YAAU
110135925,0010y00001a1R2YAAU
110138895,0010y00001a1R2YAAU
110135802,0010y00001a1R2YAAU
110134219,0010y00001a1R2YAAU
110137563,0010y00001a1R2YAAU
110138301,0010y00001a1R2YAAU
110134216,0010y00001a1R2YAAU
110135959,0010y00001a1R2YAAU
110134198,0010y00001a1R2YAAU
110134153,0010y00001a1R2YAAU
110134554,0010y00001a1R2YAAU
110135893,0010y00001a1R2YAAU
110134495,0010y00001a1R2YAAU
110134442,0010y00001a1R2YAAU
110135879,0010y00001a1R2YAAU
110135904,0010y00001a1R2YAAU
109689817,0010y00001a1R2YAAU
109689111,0010y00001a1R2YAAU
109680961,0010y00001a1R2YAAU
109685376,0010y00001a1R2YAAU
109688375,0010y00001a1R2YAAU
109679935,0010y00001a1R2YAAU
109688182,0010y00001a1R2YAAU
109688012,0010y00001a1R2YAAU
109680759,0010y00001a1R2YAAU
109684924,0010y00001a1R2YAAU
109690820,0010y00001a1R2YAAU
109680444,0010y00001a1R2YAAU
109686729,0010y00001a1R2YAAU
109675392,0010y00001a1R2YAAU
109680346,0010y00001a1R2YAAU
109680309,0010y00001a1R2YAAU
109680308,0010y00001a1R2YAAU
109686149,0010y00001a1R2YAAU
109686123,0010y00001a1R2YAAU
109685672,0010y00001a1R2YAAU
109685663,0010y00001a1R2YAAU
109680001,0010y00001a1R2YAAU
109685381,0010y00001a1R2YAAU
109680000,0010y00001a1R2YAAU
109690548,0010y00001a1R2YAAU
109686891,0010y00001a1R2YAAU
109679631,0010y00001a1R2YAAU
109684413,0010y00001a1R2YAAU
109679635,0010y00001a1R2YAAU
109686542,0010y00001a1R2YAAU
109675283,0010y00001a1R2YAAU
109689815,0010y00001a1R2YAAU
109689654,0010y00001a1R2YAAU
109686342,0010y00001a1R2YAAU
109689223,0010y00001a1R2YAAU
109681313,0010y00001a1R2YAAU
109689112,0010y00001a1R2YAAU
109695609,0010y00001a1R2YAAU
109688982,0010y00001a1R2YAAU
109681075,0010y00001a1R2YAAU
109695578,0010y00001a1R2YAAU
109685671,0010y00001a1R2YAAU
109688653,0010y00001a1R2YAAU
109680920,0010y00001a1R2YAAU
109679934,0010y00001a1R2YAAU
109695363,0010y00001a1R2YAAU
109684925,0010y00001a1R2YAAU
109695364,0010y00001a1R2YAAU
109674201,0010y00001a1R2YAAU
109674110,0010y00001a1R2YAAU
109679768,0010y00001a1R2YAAU
109684738,0010y00001a1R2YAAU
109679732,0010y00001a1R2YAAU
109684595,0010y00001a1R2YAAU
109680733,0010y00001a1R2YAAU
109687673,0010y00001a1R2YAAU
109711362,0010y00001a1R2YAAU
109684594,0010y00001a1R2YAAU
109687674,0010y00001a1R2YAAU
109680711,0010y00001a1R2YAAU
109679634,0010y00001a1R2YAAU
110159331,0010y00001a1R2YAAU
110220731,0010y00001a1R2YAAU
110156252,0010y00001a1R2YAAU
110137467,0010y00001a1R2YAAU
110156144,0010y00001a1R2YAAU
110147787,0010y00001a1R2YAAU
110154361,0010y00001a1R2YAAU
110157673,0010y00001a1R2YAAU
110154098,0010y00001a1R2YAAU
110137362,0010y00001a1R2YAAU
110147676,0010y00001a1R2YAAU
110153343,0010y00001a1R2YAAU
110152995,0010y00001a1R2YAAU
110152313,0010y00001a1R2YAAU
110139160,0010y00001a1R2YAAU
110139741,0010y00001a1R2YAAU
110157035,0010y00001a1R2YAAU
110159651,0010y00001a1R2YAAU
110139124,0010y00001a1R2YAAU
110148729,0010y00001a1R2YAAU
110147326,0010y00001a1R2YAAU
110135958,0010y00001a1R2YAAU
110138591,0010y00001a1R2YAAU
110139100,0010y00001a1R2YAAU
110137211,0010y00001a1R2YAAU
110137867,0010y00001a1R2YAAU
110138511,0010y00001a1R2YAAU
110137156,0010y00001a1R2YAAU
110139612,0010y00001a1R2YAAU
110147094,0010y00001a1R2YAAU
110150795,0010y00001a1R2YAAU
110138495,0010y00001a1R2YAAU
110134371,0010y00001a1R2YAAU
110138478,0010y00001a1R2YAAU
110135844,0010y00001a1R2YAAU
110144804,0010y00001a1R2YAAU
110138402,0010y00001a1R2YAAU
110135828,0010y00001a1R2YAAU
110137080,0010y00001a1R2YAAU
110135927,0010y00001a1R2YAAU
110134276,0010y00001a1R2YAAU
110136779,0010y00001a1R2YAAU
110134126,0010y00001a1R2YAAU
109914190,0010y00001a1R2YAAU
110135886,0010y00001a1R2YAAU
109914159,0010y00001a1R2YAAU
110134014,0010y00001a1R2YAAU
109913212,0010y00001a1R2YAAU
110135877,0010y00001a1R2YAAU
110135905,0010y00001a1R2YAAU
110134486,0010y00001a1R2YAAU
110134488,0010y00001a1R2YAAU
109681076,0010y00001a1R2YAAU
109695576,0010y00001a1R2YAAU
109679999,0010y00001a1R2YAAU
109686742,0010y00001a1R2YAAU
109675507,0010y00001a1R2YAAU
109686675,0010y00001a1R2YAAU
109680382,0010y00001a1R2YAAU
109675282,0010y00001a1R2YAAU
109675286,0010y00001a1R2YAAU
109681397,0010y00001a1R2YAAU
110232187,0010y00001a1R2YAAU
110156523,0010y00001a1R2YAAU
110158894,0010y00001a1R2YAAU
110156250,0010y00001a1R2YAAU
110158803,0010y00001a1R2YAAU
110138221,0010y00001a1R2YAAU
110139382,0010y00001a1R2YAAU
110138767,0010y00001a1R2YAAU
110147993,0010y00001a1R2YAAU
110149047,0010y00001a1R2YAAU
110138000,0010y00001a1R2YAAU
110138680,0010y00001a1R2YAAU
110138672,0010y00001a1R2YAAU
110159740,0010y00001a1R2YAAU
110157352,0010y00001a1R2YAAU
110139764,0010y00001a1R2YAAU
110147571,0010y00001a1R2YAAU
110136560,0010y00001a1R2YAAU
110157034,0010y00001a1R2YAAU
110135946,0010y00001a1R2YAAU
110157033,0010y00001a1R2YAAU
110137893,0010y00001a1R2YAAU
110138592,0010y00001a1R2YAAU
110139654,0010y00001a1R2YAAU
110136468,0010y00001a1R2YAAU
110139657,0010y00001a1R2YAAU
110151604,0010y00001a1R2YAAU
110137616,0010y00001a1R2YAAU
110134083,0010y00001a1R2YAAU
110135977,0010y00001a1R2YAAU
110135891,0010y00001a1R2YAAU
110134003,0010y00001a1R2YAAU
110134557,0010y00001a1R2YAAU
110133958,0010y00001a1R2YAAU
110134390,0010y00001a1R2YAAU
109910186,0010y00001a1R2YAAU
109909446,0010y00001a1R2YAAU
110156508,0010y00001a1R2YAAU
110159239,0010y00001a1R2YAAU
110149843,0010y00001a1R2YAAU
110149618,0010y00001a1R2YAAU
110149588,0010y00001a1R2YAAU
110149476,0010y00001a1R2YAAU
110138825,0010y00001a1R2YAAU
110140250,0010y00001a1R2YAAU
110156188,0010y00001a1R2YAAU
110148120,0010y00001a1R2YAAU
110138798,0010y00001a1R2YAAU
110139980,0010y00001a1R2YAAU
110158489,0010y00001a1R2YAAU
110149300,0010y00001a1R2YAAU
110139287,0010y00001a1R2YAAU
110157674,0010y00001a1R2YAAU
110160156,0010y00001a1R2YAAU
110139830,0010y00001a1R2YAAU
110148939,0010y00001a1R2YAAU
110151852,0010y00001a1R2YAAU
110137247,0010y00001a1R2YAAU
110148621,0010y00001a1R2YAAU
110137880,0010y00001a1R2YAAU
110139071,0010y00001a1R2YAAU
110135805,0010y00001a1R2YAAU
110137583,0010y00001a1R2YAAU
110135932,0010y00001a1R2YAAU
109914191,0010y00001a1R2YAAU
110138267,0010y00001a1R2YAAU
110136816,0010y00001a1R2YAAU
110134199,0010y00001a1R2YAAU
110138268,0010y00001a1R2YAAU
110135897,0010y00001a1R2YAAU
110135907,0010y00001a1R2YAAU
110134127,0010y00001a1R2YAAU
110136780,0010y00001a1R2YAAU
110134755,0010y00001a1R2YAAU
110134080,0010y00001a1R2YAAU
109914160,0010y00001a1R2YAAU
110134637,0010y00001a1R2YAAU
110135964,0010y00001a1R2YAAU
109679769,0010y00001a1R2YAAU
109679699,0010y00001a1R2YAAU
109684553,0010y00001a1R2YAAU
109687491,0010y00001a1R2YAAU
109684554,0010y00001a1R2YAAU
109686791,0010y00001a1R2YAAU
109680473,0010y00001a1R2YAAU
109686792,0010y00001a1R2YAAU
109680384,0010y00001a1R2YAAU
109680341,0010y00001a1R2YAAU
109681396,0010y00001a1R2YAAU
109674578,0010y00001a1R2YAAU
110138137,0010y00001a1R2YAAU
110138750,0010y00001a1R2YAAU
110137280,0010y00001a1R2YAAU
110137915,0010y00001a1R2YAAU
110136559,0010y00001a1R2YAAU
110137916,0010y00001a1R2YAAU
110135876,0010y00001a1R2YAAU
110151854,0010y00001a1R2YAAU
110137246,0010y00001a1R2YAAU
110134369,0010y00001a1R2YAAU
110138342,0010y00001a1R2YAAU
110134757,0010y00001a1R2YAAU
110137079,0010y00001a1R2YAAU
110139517,0010y00001a1R2YAAU
110136911,0010y00001a1R2YAAU
110138302,0010y00001a1R2YAAU
110135782,0010y00001a1R2YAAU
110135930,0010y00001a1R2YAAU
110135783,0010y00001a1R2YAAU
110137526,0010y00001a1R2YAAU
110135928,0010y00001a1R2YAAU
109914192,0010y00001a1R2YAAU
110135973,0010y00001a1R2YAAU
110135966,0010y00001a1R2YAAU
110136778,0010y00001a1R2YAAU
110135888,0010y00001a1R2YAAU
110134500,0010y00001a1R2YAAU
110134487,0010y00001a1R2YAAU
110134482,0010y00001a1R2YAAU
110134443,0010y00001a1R2YAAU
109910214,0010y00001a1R2YAAU
109695893,0010y00001a1R2YAAU
109681394,0010y00001a1R2YAAU
109681312,0010y00001a1R2YAAU
109685895,0010y00001a1R2YAAU
109680153,0010y00001a1R2YAAU
110135831,0010y00001a1R2YAAU
110134314,0010y00001a1R2YAAU
109914158,0010y00001a1R2YAAU
110135962,0010y00001a1R2YAAU
110134047,0010y00001a1R2YAAU
110135896,0010y00001a1R2YAAU
110135910,0010y00001a1R2YAAU
110135890,0010y00001a1R2YAAU
110134497,0010y00001a1R2YAAU
110134498,0010y00001a1R2YAAU
110135881,0010y00001a1R2YAAU
110134441,0010y00001a1R2YAAU
110134389,0010y00001a1R2YAAU
109911241,0010y00001a1R2YAAU
109695637,0010y00001a1R2YAAU
109686128,0010y00001a1R2YAAU
109680273,0010y00001a1R2YAAU
109680222,0010y00001a1R2YAAU
109680102,0010y00001a1R2YAAU
110156637,0010y00001a1R2YAAU
110148362,0010y00001a1R2YAAU
110148198,0010y00001a1R2YAAU
110158765,0010y00001a1R2YAAU
110138245,0010y00001a1R2YAAU
110138222,0010y00001a1R2YAAU
110138800,0010y00001a1R2YAAU
110139397,0010y00001a1R2YAAU
110137468,0010y00001a1R2YAAU
110158583,0010y00001a1R2YAAU
110138788,0010y00001a1R2YAAU
110148071,0010y00001a1R2YAAU
110137452,0010y00001a1R2YAAU
110147991,0010y00001a1R2YAAU
110147992,0010y00001a1R2YAAU
110138094,0010y00001a1R2YAAU
110139888,0010y00001a1R2YAAU
110138693,0010y00001a1R2YAAU
110136734,0010y00001a1R2YAAU
110148938,0010y00001a1R2YAAU
110136686,0010y00001a1R2YAAU
110136685,0010y00001a1R2YAAU
110137942,0010y00001a1R2YAAU
110137245,0010y00001a1R2YAAU
110139677,0010y00001a1R2YAAU
110135875,0010y00001a1R2YAAU
110136467,0010y00001a1R2YAAU
110137213,0010y00001a1R2YAAU
110134372,0010y00001a1R2YAAU
110135845,0010y00001a1R2YAAU
110138934,0010y00001a1R2YAAU
110136249,0010y00001a1R2YAAU
110135827,0010y00001a1R2YAAU
110139584,0010y00001a1R2YAAU
110138398,0010y00001a1R2YAAU
110136187,0010y00001a1R2YAAU
110143835,0010y00001a1R2YAAU
110139518,0010y00001a1R2YAAU
110138386,0010y00001a1R2YAAU
109914194,0010y00001a1R2YAAU
110135909,0010y00001a1R2YAAU
110137490,0010y00001a1R2YAAU
110135956,0010y00001a1R2YAAU
109689824,0010y00001a1R2YAAU
109685891,0010y00001a1R2YAAU
109681007,0010y00001a1R2YAAU
109688823,0010y00001a1R2YAAU
109685675,0010y00001a1R2YAAU
109680960,0010y00001a1R2YAAU
109695429,0010y00001a1R2YAAU
109679936,0010y00001a1R2YAAU
109674255,0010y00001a1R2YAAU
109695387,0010y00001a1R2YAAU
109679933,0010y00001a1R2YAAU
109695367,0010y00001a1R2YAAU
109685166,0010y00001a1R2YAAU
109691213,0010y00001a1R2YAAU
109679767,0010y00001a1R2YAAU
109690859,0010y00001a1R2YAAU
109679636,0010y00001a1R2YAAU
109680493,0010y00001a1R2YAAU
109648927,0010y00001a1R2YAAU
109680475,0010y00001a1R2YAAU
109686788,0010y00001a1R2YAAU
109690315,0010y00001a1R2YAAU
109675700,0010y00001a1R2YAAU
109675593,0010y00001a1R2YAAU
109690060,0010y00001a1R2YAAU
109681874,0010y00001a1R2YAAU
109675508,0010y00001a1R2YAAU
109680422,0010y00001a1R2YAAU
110148750,0010y00001a1R2YAAU
109914116,0010y00001a1R2YAAU
110152212,0010y00001a1R2YAAU
110148121,0010y00001a1R2YAAU
110205756,0010y00001a1R2YAAU
110137451,0010y00001a1R2YAAU
110143288,0010y00001a1R2YAAU
110135901,0010y00001a1R2YAAU
110139581,0010y00001a1R2YAAU
110140028,0010y00001a1R2YAAU
110138123,0010y00001a1R2YAAU
110137428,0010y00001a1R2YAAU
110137987,0010y00001a1R2YAAU
110137941,0010y00001a1R2YAAU
110137263,0010y00001a1R2YAAU
110148751,0010y00001a1R2YAAU
110138576,0010y00001a1R2YAAU
110151497,0010y00001a1R2YAAU
110138909,0010y00001a1R2YAAU
110136125,0010y00001a1R2YAAU
110136794,0010y00001a1R2YAAU
110135963,0010y00001a1R2YAAU
109695894,0010y00001a1R2YAAU
109689225,0010y00001a1R2YAAU
109687672,0010y00001a1R2YAAU
110148324,0010y00001a1R2YAAU
110149741,0010y00001a1R2YAAU
110139471,0010y00001a1R2YAAU
110139447,0010y00001a1R2YAAU
110140100,0010y00001a1R2YAAU
110154415,0010y00001a1R2YAAU
110147690,0010y00001a1R2YAAU
110160021,0010y00001a1R2YAAU
110138619,0010y00001a1R2YAAU
110137892,0010y00001a1R2YAAU
110147207,0010y00001a1R2YAAU
110134388,0010y00001a1R2YAAU
110139626,0010y00001a1R2YAAU
110136781,0010y00001a1R2YAAU
109685665,0010y00001a1R2YAAU
110159384,0010y00001a1R2YAAU
110228264,0010y00001a1R2YAAU
110159164,0010y00001a1R2YAAU
110148213,0010y00001a1R2YAAU
110140251,0010y00001a1R2YAAU
110154479,0010y00001a1R2YAAU
110158172,0010y00001a1R2YAAU
110136649,0010y00001a1R2YAAU
110135952,0010y00001a1R2YAAU
110222098,0010y00001a1R2YAAU
110149844,0010y00001a1R2YAAU
110138256,0010y00001a1R2YAAU
110206234,0010y00001a1R2YAAU
110160606,0010y00001a1R2YAAU
110139932,0010y00001a1R2YAAU
110138731,0010y00001a1R2YAAU
110261871,0010y00001a1R2YAAU
110135937,0010y00001a1R2YAAU
110135953,0010y00001a1R2YAAU
110261488,0010y00001a1R2YAAU
110148780,0010y00001a1R2YAAU
110157031,0010y00001a1R2YAAU
110135949,0010y00001a1R2YAAU
110137528,0010y00001a1R2YAAU
110135892,0010y00001a1R2YAAU
109695745,0010y00001a1R2YAAU
110137584,0010y00001a1R2YAAU
110158804,0010y00001a1R2YAAU
110139456,0010y00001a1R2YAAU
110138195,0010y00001a1R2YAAU
110140098,0010y00001a1R2YAAU
110138748,0010y00001a1R2YAAU
110139288,0010y00001a1R2YAAU
110160349,0010y00001a1R2YAAU
110138997,0010y00001a1R2YAAU
110139580,0010y00001a1R2YAAU
110136152,0010y00001a1R2YAAU
110139516,0010y00001a1R2YAAU
110261249,0010y00001a1R2YAAU
110231995,0010y00001a1R2YAAU
110223100,0010y00001a1R2YAAU
110148443,0010y00001a1R2YAAU
110160611,0010y00001a1R2YAAU
109674203,0010y00001a1R2YAAU
109690860,0010y00001a1R2YAAU
109686681,0010y00001a1R2YAAU
109681399,0010y00001a1R2YAAU
110219522,0010y00001a1R2YAAU
110159112,0010y00001a1R2YAAU
110149934,0010y00001a1R2YAAU
110139506,0010y00001a1R2YAAU
110156251,0010y00001a1R2YAAU
110139673,0010y00001a1R2YAAU
110135942,0010y00001a1R2YAAU
110147378,0010y00001a1R2YAAU
110139364,0010y00001a1R2YAAU
110147832,0010y00001a1R2YAAU
110159948,0010y00001a1R2YAAU
110157347,0010y00001a1R2YAAU
110139719,0010y00001a1R2YAAU
110135935,0010y00001a1R2YAAU
110136449,0010y00001a1R2YAAU
110137875,0010y00001a1R2YAAU
110138424,0010y00001a1R2YAAU
110135943,0010y00001a1R2YAAU
110135784,0010y00001a1R2YAAU
110136029,0010y00001a1R2YAAU
110138289,0010y00001a1R2YAAU
110134496,0010y00001a1R2YAAU
110135902,0010y00001a1R2YAAU
110134419,0010y00001a1R2YAAU
109713082,0010y00001a1R2YAAU
109688010,0010y00001a1R2YAAU
109695515,0010y00001a1R2YAAU
109690317,0010y00001a1R2YAAU
109680381,0010y00001a1R2YAAU
109695610,0010y00001a1R2YAAU
109679939,0010y00001a1R2YAAU
109688383,0010y00001a1R2YAAU
110140343,0010y00001a1R2YAAU
110140319,0010y00001a1R2YAAU
110139454,0010y00001a1R2YAAU
110138787,0010y00001a1R2YAAU
110137983,0010y00001a1R2YAAU
110160020,0010y00001a1R2YAAU
110139695,0010y00001a1R2YAAU
110147508,0010y00001a1R2YAAU
110138644,0010y00001a1R2YAAU
110136496,0010y00001a1R2YAAU
110137244,0010y00001a1R2YAAU
110136406,0010y00001a1R2YAAU
110136359,0010y00001a1R2YAAU
110135866,0010y00001a1R2YAAU
110148479,0010y00001a1R2YAAU
110136136,0010y00001a1R2YAAU
110135974,0010y00001a1R2YAAU
110135884,0010y00001a1R2YAAU
109689821,0010y00001a1R2YAAU
110150474,0010y00001a1R2YAAU
110156311,0010y00001a1R2YAAU
110156248,0010y00001a1R2YAAU
110138832,0010y00001a1R2YAAU
110138084,0010y00001a1R2YAAU
110154541,0010y00001a1R2YAAU
110137398,0010y00001a1R2YAAU
110139875,0010y00001a1R2YAAU
110148994,0010y00001a1R2YAAU
110148892,0010y00001a1R2YAAU
110139770,0010y00001a1R2YAAU
110136553,0010y00001a1R2YAAU
110139123,0010y00001a1R2YAAU
110135906,0010y00001a1R2YAAU
110159386,0010y00001a1R2YAAU
110140320,0010y00001a1R2YAAU
110156249,0010y00001a1R2YAAU
110149477,0010y00001a1R2YAAU
110156189,0010y00001a1R2YAAU
110140135,0010y00001a1R2YAAU
110149325,0010y00001a1R2YAAU
110139315,0010y00001a1R2YAAU
110138732,0010y00001a1R2YAAU
110139266,0010y00001a1R2YAAU
110160157,0010y00001a1R2YAAU
110136451,0010y00001a1R2YAAU
110137856,0010y00001a1R2YAAU
110134312,0010y00001a1R2YAAU
110136124,0010y00001a1R2YAAU
110137508,0010y00001a1R2YAAU
110134125,0010y00001a1R2YAAU
110149353,0010y00001a1R2YAAU
110147894,0010y00001a1R2YAAU
110155460,0010y00001a1R2YAAU
110138122,0010y00001a1R2YAAU
110147650,0010y00001a1R2YAAU
110148798,0010y00001a1R2YAAU
110151981,0010y00001a1R2YAAU
110135936,0010y00001a1R2YAAU
110139694,0010y00001a1R2YAAU
110135826,0010y00001a1R2YAAU
110138856,0010y00001a1R2YAAU
110137562,0010y00001a1R2YAAU
110137527,0010y00001a1R2YAAU
110135781,0010y00001a1R2YAAU
110137089,0010y00001a1R2YAAU
110135971,0010y00001a1R2YAAU
110134440,0010y00001a1R2YAAU
110150714,0010y00001a1R2YAAU
110216837,0010y00001a1R2YAAU
110137450,0010y00001a1R2YAAU
110138136,0010y00001a1R2YAAU
110139289,0010y00001a1R2YAAU
110139290,0010y00001a1R2YAAU
110147815,0010y00001a1R2YAAU
110139887,0010y00001a1R2YAAU
110158069,0010y00001a1R2YAAU
110137984,0010y00001a1R2YAAU
110137363,0010y00001a1R2YAAU
110147673,0010y00001a1R2YAAU
110152880,0010y00001a1R2YAAU
110138255,0010y00001a1R2YAAU
110135889,0010y00001a1R2YAAU
109679632,0010y00001a1R2YAAU
109648409,0010y00001a1R2YAAU
110136757,0010y00001a1R2YAAU
110152480,0010y00001a1R2YAAU
109688009,0010y00001a1R2YAAU
109695940,0010y00001a1R2YAAU
109680751,0010y00001a1R2YAAU
109674017,0010y00001a1R2YAAU
110156312,0010y00001a1R2YAAU
110159679,0010y00001a1R2YAAU
110217982,0010y00001a1R2YAAU
110148263,0010y00001a1R2YAAU
110148893,0010y00001a1R2YAAU
110137876,0010y00001a1R2YAAU
110135938,0010y00001a1R2YAAU
110148425,0010y00001a1R2YAAU
110158975,0010y00001a1R2YAAU
110158738,0010y00001a1R2YAAU
110156146,0010y00001a1R2YAAU
110147893,0010y00001a1R2YAAU
110136818,0010y00001a1R2YAAU
110158533,0010y00001a1R2YAAU
110147543,0010y00001a1R2YAAU
110134290,0010y00001a1R2YAAU
110135760,0010y00001a1R2YAAU
110135911,0010y00001a1R2YAAU
110156310,0010y00001a1R2YAAU
110139850,0010y00001a1R2YAAU
110154416,0010y00001a1R2YAAU
110139829,0010y00001a1R2YAAU